=== Results for: .\sample_files\TC4.txt ===
    1 -39.0 | 100111 | 27
    2 -36.0 | 100100 | 24
    3 8.0 | 1000 | 8
    4 34.0 | 100010 | 22
    5 17.0 | 10001 | 11
    6 49.0 | 110001 | 31
    7 5.0 | 101 | 5
    8 0.0 | 0 | 0
    9 33.0 | 100001 | 21
   10 12.0 | 1100 | C
   11 -6.0 | 110 | 6
   12 27.0 | 11011 | 1B
   13 -4.0 | 100 | 4
   14 -38.0 | 100110 | 26
   15 26.0 | 11010 | 1A
   16 49.0 | 110001 | 31
   17 29.0 | 11101 | 1D
   18 42.0 | 101010 | 2A
   19 -16.0 | 10000 | 10
   20 34.0 | 100010 | 22
   21 20.0 | 10100 | 14
   22 0.0 | 0 | 0
   23 25.0 | 11001 | 19
   24 45.0 | 101101 | 2D
   25 3.0 | 11 | 3
   26 -46.0 | 101110 | 2E
   27 -46.0 | 101110 | 2E
   28 29.0 | 11101 | 1D
   29 33.0 | 100001 | 21
   30 29.0 | 11101 | 1D
   31 26.0 | 11010 | 1A
   32 -5.0 | 101 | 5
   33 -36.0 | 100100 | 24
   34 12.0 | 1100 | C
   35 45.0 | 101101 | 2D
   36 -50.0 | 110010 | 32
   37 0.0 | 0 | 0
   38 -6.0 | 110 | 6
Total execution time 0.031491994857788086
----------------------------------------
